2753 2408 2861 2385 2888 2468 2805 2502 plane 0
3445 3391 3484 3409 3478 3422 3437 3402 large-vehicle 0
3185 4158 3195 4161 3175 4204 3164 4199 large-vehicle 0
2870 4250 2916 4268 2912 4283 2866 4263 large-vehicle 0
630 1674 628 1666 640 1654 644 1666 small-vehicle 0
636 1713 633 1706 646 1698 650 1706 small-vehicle 0
717 76 726 78 722 95 714 90 small-vehicle 0
737 82 744 84 739 101 731 98 small-vehicle 0
658 242 648 237 657 222 667 225 small-vehicle 1
735 122 754 129 750 136 733 128 small-vehicle 0
773 137 788 144 784 151 770 144 small-vehicle 0
809 153 827 161 823 168 806 160 small-vehicle 0
696 122 705 124 697 141 691 137 small-vehicle 0
707 126 714 130 706 145 700 141 small-vehicle 0
711 140 718 141 712 157 706 154 small-vehicle 1
924 113 926 106 945 115 942 122 small-vehicle 0
935 95 939 88 955 97 950 104 small-vehicle 1
856 282 864 286 856 303 849 298 small-vehicle 0
640 310 631 304 639 290 646 293 small-vehicle 0
612 341 607 336 613 324 621 329 small-vehicle 1
628 303 623 300 628 287 636 290 small-vehicle 1
791 349 796 351 789 367 785 363 small-vehicle 0
799 354 805 357 799 370 793 368 small-vehicle 1
823 361 830 364 823 376 817 372 small-vehicle 1
896 1021 903 1024 898 1038 891 1035 small-vehicle 1
3347 3630 3381 3647 3373 3658 3340 3640 large-vehicle 0
2763 2244 2771 2240 2789 2256 2781 2263 large-vehicle 0
948 1068 955 1069 949 1086 942 1084 small-vehicle 0
3556 1208 3566 1210 3560 1233 3550 1228 large-vehicle 0
683 4294 734 4182 864 4227 820 4345 plane 0
798 4027 840 3915 976 3966 925 4082 plane 0
925 3806 1031 3742 1106 3869 1011 3929 plane 0
1620 3987 1640 4107 1539 4131 1509 4008 plane 0
1508 4536 1453 4649 1354 4609 1404 4495 plane 0
2177 3406 2221 3295 2364 3352 2309 3459 plane 0
2905 2293 2955 2178 3092 2233 3038 2350 plane 0
3155 1916 3202 1804 3331 1861 3281 1964 plane 0
3208 1778 3253 1666 3388 1721 3335 1832 plane 0
2604 1759 2496 1782 2465 1644 2571 1617 plane 0
2936 1082 2887 1197 2782 1152 2835 1044 plane 0
2998 917 2890 874 2937 766 3043 813 plane 0
1932 1241 1976 1138 2113 1191 2066 1303 plane 0
3040 4145 2988 4250 2866 4201 2912 4091 plane 0
3234 3785 3207 3849 3120 3817 3150 3748 plane 0
3347 3520 3315 3585 3231 3549 3262 3483 plane 0
3458 3234 3418 3334 3340 3298 3387 3206 plane 0
2686 3920 2636 3806 2765 3756 2820 3866 plane 0
3565 1270 3602 1262 3608 1276 3571 1285 large-vehicle 0
3598 1216 3609 1219 3597 1250 3585 1246 large-vehicle 0
3582 1208 3594 1214 3581 1243 3570 1235 large-vehicle 0
3530 1204 3537 1206 3529 1236 3521 1230 large-vehicle 0
3540 1210 3550 1215 3543 1240 3534 1236 large-vehicle 0
909 1053 921 1040 927 1047 914 1059 small-vehicle 0
936 1063 943 1065 939 1080 932 1077 small-vehicle 1
3625 2731 3575 2855 3461 2808 3515 2690 plane 0
1494 1894 1503 1892 1506 1909 1496 1911 small-vehicle 1
1491 2157 1497 2164 1488 2176 1482 2172 small-vehicle 1
1461 1959 1472 1957 1471 1971 1460 1972 small-vehicle 1
1453 1836 1459 1834 1465 1845 1458 1848 small-vehicle 1
1493 2094 1501 2097 1497 2114 1488 2111 small-vehicle 1
1464 2131 1472 2133 1470 2145 1462 2143 small-vehicle 1
1053 3034 1046 3027 1057 3014 1064 3020 small-vehicle 1
538 3459 543 3452 557 3459 552 3467 small-vehicle 1
859 3775 867 3768 879 3781 871 3787 large-vehicle 0
873 3759 889 3772 884 3777 869 3765 large-vehicle 0
876 3756 883 3751 896 3764 890 3768 large-vehicle 0
964 3687 972 3681 982 3699 973 3706 large-vehicle 0
974 3679 984 3674 996 3695 987 3701 large-vehicle 0
998 3669 1007 3665 1018 3685 1008 3690 large-vehicle 0
1131 3660 1119 3658 1120 3633 1131 3632 large-vehicle 0
1594 3828 1604 3833 1593 3854 1583 3848 large-vehicle 0
2252 2982 2273 2990 2269 2997 2249 2989 large-vehicle 0
2249 2978 2251 2968 2278 2978 2274 2987 large-vehicle 1
2253 2965 2256 2956 2284 2967 2279 2976 large-vehicle 1
2085 3694 2085 3684 2121 3683 2121 3695 large-vehicle 1
2099 3825 2108 3824 2109 3847 2100 3847 large-vehicle 0
1069 1509 1061 1504 1068 1489 1075 1492 small-vehicle 0
1098 1520 1105 1517 1113 1534 1105 1536 small-vehicle 0
1098 1482 1105 1484 1102 1503 1093 1501 small-vehicle 0
1478 1962 1486 1961 1486 1975 1478 1975 small-vehicle 1
1498 1984 1507 1983 1508 1998 1500 2000 small-vehicle 1
1426 1910 1436 1907 1439 1934 1429 1935 large-vehicle 0
1496 1959 1505 1958 1507 1971 1496 1973 small-vehicle 1
624 1692 620 1684 634 1675 637 1682 small-vehicle 0
425 1855 424 1847 441 1841 442 1849 small-vehicle 0
477 1852 474 1846 492 1836 496 1844 small-vehicle 1
384 1884 383 1878 396 1874 398 1881 small-vehicle 1
402 1879 399 1872 416 1866 418 1874 small-vehicle 1
319 1557 327 1560 318 1576 310 1573 small-vehicle 0
344 1565 351 1569 345 1584 338 1581 small-vehicle 1
42 1845 44 1837 63 1843 61 1851 small-vehicle 0
106 1815 108 1807 129 1810 128 1817 small-vehicle 1
281 1682 273 1677 281 1665 287 1668 small-vehicle 1
1245 2689 1254 2692 1248 2709 1239 2704 small-vehicle 1
1076 2972 1082 2976 1072 2991 1065 2985 small-vehicle 0
1127 2994 1133 2999 1124 3013 1117 3007 small-vehicle 0
1093 2995 1102 3000 1092 3017 1083 3010 small-vehicle 0
1014 3064 1022 3071 1010 3084 1003 3075 small-vehicle 0
803 3179 800 3187 783 3180 787 3172 small-vehicle 1
926 3136 930 3142 914 3151 910 3143 small-vehicle 1
190 2701 199 2698 203 2723 194 2724 large-vehicle 0
225 2610 231 2609 234 2626 227 2628 small-vehicle 0
220 2654 228 2652 230 2670 222 2672 small-vehicle 1
1434 1943 1442 1941 1445 1958 1436 1959 large-vehicle 0
1153 1771 1161 1766 1170 1779 1162 1783 small-vehicle 1
1497 2068 1507 2070 1503 2086 1495 2083 small-vehicle 1
631 4431 678 4322 813 4368 755 4485 plane 0
