78 310 68 325 53 311 53 295 small-vehicle 1
1342 807 1360 796 1419 890 1398 903 large-vehicle 0
1011 806 1030 796 1090 892 1067 902 large-vehicle 0
1077 811 1096 802 1157 894 1135 907 large-vehicle 0
1169 805 1191 794 1253 885 1225 897 large-vehicle 0
1209 812 1231 799 1290 891 1265 904 large-vehicle 0
1280 816 1300 805 1360 896 1334 909 large-vehicle 0
1308 811 1331 799 1390 892 1367 903 large-vehicle 0
1373 806 1391 794 1452 889 1431 901 large-vehicle 0
908 806 925 794 993 886 969 899 large-vehicle 0
1411 815 1429 800 1489 895 1468 907 large-vehicle 0
1440 810 1460 797 1519 888 1498 901 large-vehicle 0
1475 810 1492 800 1553 891 1533 903 large-vehicle 0
1510 811 1524 798 1589 895 1566 903 large-vehicle 0
1542 814 1563 800 1621 891 1601 907 large-vehicle 0
1575 811 1593 798 1653 892 1632 903 large-vehicle 0
970 806 990 796 1049 883 1026 894 large-vehicle 0
875 805 894 793 956 889 936 899 large-vehicle 0
1436 1108 1413 1094 1448 1043 1469 1056 large-vehicle 0
536 799 554 789 614 880 593 892 large-vehicle 0
2020 781 1999 792 1943 709 1965 693 large-vehicle 0
2054 780 2031 795 1976 708 2001 693 large-vehicle 0
2089 782 2068 796 2013 713 2037 698 large-vehicle 0
2119 779 2097 791 2043 707 2064 690 large-vehicle 0
468 800 487 787 546 879 524 891 large-vehicle 0
502 801 520 788 581 882 558 893 large-vehicle 0
574 804 594 796 652 886 632 900 large-vehicle 0
840 806 859 793 921 890 899 901 large-vehicle 0
605 801 621 790 684 884 662 896 large-vehicle 0
641 806 662 795 722 885 700 896 large-vehicle 0
705 805 725 793 786 883 761 897 large-vehicle 0
740 805 761 793 819 886 796 899 large-vehicle 0
772 800 790 789 849 883 829 893 large-vehicle 0
804 800 825 791 883 886 863 896 large-vehicle 0
1606 811 1626 800 1690 892 1663 904 large-vehicle 0
1678 816 1699 802 1760 898 1734 912 large-vehicle 0
1748 819 1767 809 1827 898 1803 911 large-vehicle 0
960 1108 940 1094 974 1045 995 1057 large-vehicle 0
495 1099 478 1087 511 1036 530 1049 large-vehicle 0
531 1097 512 1086 544 1034 565 1046 large-vehicle 0
769 1094 747 1082 783 1031 803 1042 large-vehicle 0
565 1098 543 1087 578 1035 600 1046 large-vehicle 0
863 1106 843 1094 874 1044 894 1055 large-vehicle 0
896 1105 877 1095 909 1045 928 1056 large-vehicle 0
996 1109 975 1094 1011 1043 1031 1054 large-vehicle 0
1711 814 1732 805 1790 895 1768 908 large-vehicle 0
1100 1103 1078 1089 1113 1038 1136 1051 large-vehicle 0
1131 1104 1115 1093 1150 1040 1168 1052 large-vehicle 0
1163 1105 1145 1094 1179 1043 1197 1053 large-vehicle 0
1198 1107 1178 1093 1213 1044 1232 1057 large-vehicle 0
1235 1100 1216 1087 1252 1038 1271 1050 large-vehicle 0
1297 1111 1279 1096 1313 1048 1333 1061 large-vehicle 0
466 1096 445 1083 478 1031 497 1044 large-vehicle 0
423 1104 404 1092 438 1040 458 1053 large-vehicle 0
397 1098 376 1087 411 1034 430 1048 large-vehicle 0
366 1096 345 1084 376 1031 398 1043 large-vehicle 0
330 1096 309 1083 343 1031 365 1046 large-vehicle 0
295 1102 271 1089 305 1037 328 1050 large-vehicle 0
258 1101 236 1087 269 1037 291 1050 large-vehicle 0
221 1095 204 1083 238 1034 257 1048 large-vehicle 0
2046 816 2066 805 2124 896 2100 909 large-vehicle 0
2013 816 2032 804 2090 894 2067 905 large-vehicle 0
1978 814 1996 802 2057 891 2036 904 large-vehicle 0
1943 813 1961 801 2023 893 2001 906 large-vehicle 0
1911 815 1931 804 1990 893 1968 905 large-vehicle 0
1880 818 1900 805 1958 895 1937 910 large-vehicle 0
1843 814 1864 802 1919 893 1901 903 large-vehicle 0
1819 827 1837 815 1898 907 1876 922 large-vehicle 0
1776 811 1795 799 1854 891 1834 903 large-vehicle 0
1981 773 1960 784 1905 699 1928 686 large-vehicle 0
1952 781 1931 793 1875 709 1898 693 large-vehicle 0
1920 782 1898 795 1844 711 1865 698 large-vehicle 0
1555 436 1579 449 1520 534 1500 518 large-vehicle 0
1212 399 1235 412 1178 502 1155 484 large-vehicle 0
1241 406 1264 421 1207 507 1185 492 large-vehicle 0
1268 411 1291 427 1237 512 1214 498 large-vehicle 0
1297 419 1322 433 1266 519 1244 502 large-vehicle 0
1364 419 1388 431 1333 519 1308 503 large-vehicle 0
1430 421 1453 435 1397 521 1373 506 large-vehicle 0
1689 436 1713 448 1656 536 1634 521 large-vehicle 0
2072 470 2095 484 2034 576 2013 558 large-vehicle 0
1719 442 1745 457 1687 545 1667 529 large-vehicle 0
1783 448 1808 464 1753 547 1726 532 large-vehicle 0
1852 447 1874 459 1816 552 1795 538 large-vehicle 0
1913 452 1939 468 1881 559 1857 540 large-vehicle 0
1982 456 2006 469 1944 560 1922 542 large-vehicle 0
2014 454 2037 469 1981 560 1958 546 large-vehicle 0
1116 392 1141 405 1084 495 1059 480 large-vehicle 0
1047 391 1071 406 1015 493 995 480 large-vehicle 0
1011 393 1035 406 980 498 960 481 large-vehicle 0
979 394 1003 407 948 494 927 479 large-vehicle 0
943 393 969 406 915 494 896 481 large-vehicle 0
910 398 934 410 880 502 856 484 large-vehicle 0
866 420 883 434 831 519 810 506 large-vehicle 0
843 391 870 407 812 497 789 480 large-vehicle 0
809 391 834 404 775 494 757 483 large-vehicle 0
778 390 803 403 748 495 726 480 large-vehicle 0
707 397 732 413 676 502 654 489 large-vehicle 0
676 389 703 404 648 492 625 477 large-vehicle 0
642 388 666 400 614 490 590 477 large-vehicle 0
608 390 631 406 577 495 555 480 large-vehicle 0
577 390 598 403 542 496 520 481 large-vehicle 0
543 389 566 402 510 494 489 480 large-vehicle 0
513 386 535 400 485 483 463 466 large-vehicle 0
2047 455 2071 467 2016 552 1997 539 large-vehicle 0
2105 470 2129 485 2071 577 2048 560 large-vehicle 0
1887 784 1867 796 1811 711 1834 697 large-vehicle 0
1284 779 1262 790 1208 704 1231 690 large-vehicle 0
1050 774 1027 787 969 695 993 682 large-vehicle 0
1112 768 1089 780 1030 689 1054 673 large-vehicle 0
1149 774 1126 788 1069 697 1091 681 large-vehicle 0
1181 768 1155 782 1099 692 1121 677 large-vehicle 0
1132 691 1154 678 1216 770 1193 787 large-vehicle 0
1251 779 1230 789 1176 706 1197 690 large-vehicle 0
1382 775 1358 786 1305 701 1327 687 large-vehicle 0
2172 468 2196 482 2137 580 2114 563 large-vehicle 0
1444 714 1466 697 1515 775 1494 787 large-vehicle 0
1648 777 1626 789 1580 713 1602 698 large-vehicle 0
1753 782 1730 795 1676 709 1701 692 large-vehicle 0
1791 788 1769 800 1714 714 1737 699 large-vehicle 0
1821 782 1798 796 1746 707 1766 696 large-vehicle 0
1855 784 1836 795 1782 712 1802 700 large-vehicle 0
1020 781 997 795 941 701 963 688 large-vehicle 0
986 777 964 790 905 700 928 683 large-vehicle 0
953 779 930 791 870 699 895 685 large-vehicle 0
883 775 859 786 804 695 826 680 large-vehicle 0
851 777 827 788 770 696 796 681 large-vehicle 0
817 775 795 787 738 697 760 684 large-vehicle 0
784 776 762 789 704 703 729 687 large-vehicle 0
750 775 728 786 670 696 690 685 large-vehicle 0
718 776 693 788 638 698 660 683 large-vehicle 0
682 773 660 785 599 692 623 678 large-vehicle 0
615 769 591 784 534 692 556 677 large-vehicle 0
582 771 556 783 499 691 521 678 large-vehicle 0
549 774 524 784 466 692 490 677 large-vehicle 0
2299 479 2326 493 2274 583 2249 568 large-vehicle 0
2266 481 2290 495 2236 589 2211 574 large-vehicle 0
2239 470 2262 484 2206 577 2184 563 large-vehicle 0
2202 472 2228 486 2170 583 2147 567 large-vehicle 0
1398 1111 1376 1098 1409 1049 1432 1064 large-vehicle 0
1466 1111 1449 1098 1481 1048 1502 1060 large-vehicle 0
73 331 63 349 49 341 50 321 small-vehicle 1
1292 1601 1314 1600 1317 1648 1293 1648 small-vehicle 0
997 1411 1017 1409 1017 1452 996 1453 small-vehicle 0
1040 1466 1064 1463 1067 1512 1042 1512 small-vehicle 0
1139 1462 1160 1461 1160 1507 1139 1504 small-vehicle 0
1164 1413 1184 1414 1183 1455 1165 1452 small-vehicle 0
1310 1418 1329 1417 1330 1461 1309 1461 small-vehicle 0
974 1754 996 1755 997 1802 977 1802 small-vehicle 0
1103 1892 1125 1892 1127 1956 1104 1957 large-vehicle 0
825 1467 842 1467 843 1509 825 1507 small-vehicle 0
1160 1893 1187 1891 1187 1954 1162 1952 large-vehicle 0
1192 1894 1212 1892 1217 1955 1192 1952 large-vehicle 0
1268 1917 1287 1915 1288 1957 1266 1957 small-vehicle 0
2268 72 2292 68 2308 101 2291 107 small-vehicle 1
2380 587 2379 609 2292 615 2290 591 large-vehicle 0
2377 625 2376 647 2288 648 2289 626 large-vehicle 0
961 1471 982 1467 977 1508 960 1510 small-vehicle 0
846 1461 827 1461 827 1419 847 1417 small-vehicle 0
1502 1108 1484 1095 1518 1045 1538 1057 large-vehicle 0
596 1372 597 1391 498 1400 496 1377 large-vehicle 0
334 95 376 89 378 105 339 111 small-vehicle 0
328 123 366 115 369 130 331 137 small-vehicle 0
265 533 266 510 368 510 369 532 large-vehicle 0
228 589 228 567 328 569 328 592 large-vehicle 0
208 620 208 598 308 599 307 621 large-vehicle 0
188 649 190 625 290 627 290 649 large-vehicle 0
541 1467 521 1459 540 1404 563 1412 large-vehicle 0
748 1510 733 1507 731 1467 748 1462 small-vehicle 0
51 1491 30 1476 71 1426 88 1442 large-vehicle 0
116 1546 96 1528 133 1482 152 1497 large-vehicle 0
176 1602 156 1587 197 1540 217 1555 large-vehicle 0
201 1622 183 1610 223 1561 240 1574 large-vehicle 0
226 1646 205 1627 245 1582 262 1596 large-vehicle 0
333 1617 352 1603 395 1655 374 1669 large-vehicle 0
2380 653 2381 674 2294 673 2294 652 large-vehicle 0
2382 682 2384 702 2292 702 2292 681 large-vehicle 0
2381 707 2382 727 2297 731 2292 710 large-vehicle 0
2298 1945 2301 1925 2350 1929 2345 1947 small-vehicle 0
2372 1684 2371 1705 2273 1700 2275 1676 large-vehicle 0
2370 1719 2372 1742 2277 1737 2278 1714 large-vehicle 0
2362 1754 2363 1773 2271 1774 2272 1751 large-vehicle 0
2354 1799 2352 1820 2254 1818 2255 1795 large-vehicle 0
2359 1830 2361 1853 2267 1855 2267 1832 large-vehicle 0
2361 1905 2359 1928 2255 1922 2258 1897 large-vehicle 0
2208 1910 2248 1911 2246 1928 2206 1926 small-vehicle 0
2384 739 2382 759 2297 754 2299 732 large-vehicle 0
2124 1957 2125 1934 2235 1939 2234 1962 large-vehicle 0
1719 1750 1736 1751 1733 1789 1717 1787 small-vehicle 1
2117 1478 2135 1481 2124 1522 2107 1518 small-vehicle 0
1713 1444 1728 1444 1728 1482 1710 1482 small-vehicle 0
293 1720 281 1707 312 1679 324 1691 small-vehicle 0
79 358 72 377 50 363 50 345 small-vehicle 1
2374 1648 2370 1668 2270 1656 2276 1635 large-vehicle 0
2379 1618 2376 1639 2278 1627 2282 1603 large-vehicle 0
2381 1583 2378 1605 2280 1594 2283 1571 large-vehicle 0
2385 1553 2383 1575 2283 1564 2286 1542 large-vehicle 0
2376 1195 2377 1218 2311 1221 2311 1198 large-vehicle 0
2380 1136 2383 1157 2303 1161 2304 1137 large-vehicle 0
2379 1106 2380 1128 2301 1130 2301 1108 large-vehicle 0
2379 1074 2382 1098 2301 1102 2301 1077 large-vehicle 0
2379 1017 2380 1042 2299 1040 2298 1016 large-vehicle 0
2380 961 2379 982 2296 982 2296 960 large-vehicle 0
2380 934 2380 956 2295 953 2296 932 large-vehicle 0
2379 906 2377 928 2295 926 2297 904 large-vehicle 0
2378 876 2378 901 2292 900 2292 878 large-vehicle 0
2375 849 2375 869 2288 872 2288 850 large-vehicle 0
2381 822 2381 843 2294 842 2295 819 large-vehicle 0
2382 791 2384 815 2293 817 2290 793 large-vehicle 0
2377 764 2378 786 2287 787 2289 765 large-vehicle 0
2098 1134 2120 1149 2082 1199 2063 1185 large-vehicle 0
2065 1128 2087 1142 2050 1196 2031 1182 large-vehicle 0
2030 1129 2052 1141 2019 1197 1998 1184 large-vehicle 0
425 1111 446 1123 411 1177 394 1161 large-vehicle 0
221 1112 242 1123 208 1177 186 1163 large-vehicle 0
254 1112 274 1126 240 1179 219 1165 large-vehicle 0
279 1126 302 1139 268 1192 245 1175 large-vehicle 0
320 1112 342 1124 312 1177 289 1166 large-vehicle 0
350 1122 370 1134 338 1186 317 1172 large-vehicle 0
391 1115 410 1125 375 1180 357 1164 large-vehicle 0
455 1119 476 1130 443 1184 422 1169 large-vehicle 0
724 1120 744 1131 715 1184 693 1171 large-vehicle 0
491 1118 511 1129 476 1182 456 1168 large-vehicle 0
524 1115 546 1124 514 1182 491 1165 large-vehicle 0
549 1122 574 1135 540 1190 520 1176 large-vehicle 0
584 1127 605 1139 569 1193 549 1177 large-vehicle 0
620 1124 640 1137 606 1190 586 1174 large-vehicle 0
656 1121 676 1132 644 1184 622 1170 large-vehicle 0
177 1128 198 1143 163 1194 141 1179 large-vehicle 0
2101 1119 2084 1107 2118 1058 2137 1069 large-vehicle 0
2070 1114 2051 1102 2085 1051 2105 1062 large-vehicle 0
2035 1117 2015 1104 2052 1053 2070 1066 large-vehicle 0
2004 1114 1987 1103 2021 1051 2038 1062 large-vehicle 0
1971 1116 1951 1107 1984 1055 2004 1065 large-vehicle 0
1935 1115 1917 1104 1954 1053 1971 1064 large-vehicle 0
1903 1114 1885 1103 1918 1051 1937 1063 large-vehicle 0
1868 1117 1848 1105 1882 1054 1902 1065 large-vehicle 0
1835 1115 1816 1105 1852 1049 1871 1061 large-vehicle 0
1804 1119 1782 1108 1812 1055 1835 1066 large-vehicle 0
1770 1114 1750 1099 1785 1048 1806 1063 large-vehicle 0
1732 1116 1712 1101 1746 1051 1768 1065 large-vehicle 0
1631 1116 1612 1103 1647 1053 1666 1065 large-vehicle 0
1597 1117 1579 1104 1612 1054 1631 1065 large-vehicle 0
1564 1114 1546 1103 1581 1052 1598 1064 large-vehicle 0
1534 1113 1513 1099 1548 1050 1568 1061 large-vehicle 0
692 1118 711 1129 677 1184 659 1171 large-vehicle 0
757 1119 778 1129 745 1185 726 1173 large-vehicle 0
1998 1130 2018 1140 1985 1193 1966 1183 large-vehicle 0
1734 1126 1753 1140 1717 1189 1699 1174 large-vehicle 0
1495 1126 1515 1137 1480 1189 1461 1177 large-vehicle 0
1527 1128 1547 1139 1514 1193 1494 1181 large-vehicle 0
1561 1125 1583 1137 1549 1190 1530 1178 large-vehicle 0
1597 1127 1617 1137 1583 1191 1564 1180 large-vehicle 0
1663 1126 1685 1137 1651 1192 1630 1178 large-vehicle 0
1693 1135 1713 1148 1677 1202 1658 1188 large-vehicle 0
1761 1138 1783 1150 1746 1201 1727 1186 large-vehicle 0
791 1121 809 1131 777 1184 759 1172 large-vehicle 0
1796 1133 1818 1144 1786 1198 1763 1183 large-vehicle 0
1827 1130 1850 1142 1817 1196 1795 1184 large-vehicle 0
1863 1130 1884 1141 1852 1195 1831 1180 large-vehicle 0
1898 1130 1920 1141 1886 1193 1865 1182 large-vehicle 0
1929 1132 1948 1145 1915 1196 1895 1182 large-vehicle 0
1965 1133 1983 1143 1950 1196 1930 1181 large-vehicle 0
1460 1127 1482 1139 1447 1193 1427 1179 large-vehicle 0
1430 1123 1449 1136 1417 1188 1396 1174 large-vehicle 0
1392 1128 1414 1140 1379 1192 1362 1180 large-vehicle 0
1357 1130 1380 1140 1346 1194 1324 1182 large-vehicle 0
1323 1129 1344 1141 1311 1193 1292 1179 large-vehicle 0
1294 1126 1312 1139 1278 1190 1260 1180 large-vehicle 0
1259 1126 1278 1137 1244 1191 1225 1179 large-vehicle 0
1223 1129 1244 1142 1206 1196 1188 1181 large-vehicle 0
1191 1126 1209 1139 1174 1190 1156 1179 large-vehicle 0
1157 1125 1177 1137 1144 1190 1123 1177 large-vehicle 0
1126 1122 1146 1135 1112 1187 1091 1174 large-vehicle 0
1058 1124 1079 1135 1047 1186 1026 1173 large-vehicle 0
1024 1126 1044 1140 1009 1189 991 1175 large-vehicle 0
995 1120 1013 1131 979 1184 960 1171 large-vehicle 0
961 1124 979 1136 941 1186 925 1172 large-vehicle 0
924 1116 944 1125 912 1181 893 1169 large-vehicle 0
818 1128 840 1139 809 1191 785 1178 large-vehicle 0
474 388 501 401 445 492 421 476 large-vehicle 0
